              precision    recall  f1-score   support

           0       0.52      0.43      0.47      4075
           1       0.84      0.87      0.85      4583
           2       0.62      0.47      0.54      4033
           3       0.57      0.49      0.52      4113
           4       0.47      0.65      0.55      3912
           5       0.53      0.37      0.44      3685
           6       0.73      0.70      0.71      4076
           7       0.67      0.61      0.64      4307
           8       0.60      0.61      0.60      4048
           9       0.41      0.64      0.50      4000

    accuracy                           0.59     40832
   macro avg       0.60      0.58      0.58     40832
weighted avg       0.60      0.59      0.59     40832
